25 30
7 5 0 9 0 2 9 0 9 1 0 2 1 0 1 6 1 9 10 8 3 3 3 1 8 4 8 9 0 3
5 0 3 5 4 6 5 9 1 0 8 2 2 0 5 0 7 3 8 0 1 10 9 9 3 0 10 7 8 6
8 0 9 7 5 10 7 0 10 6 4 9 3 3 3 9 8 7 8 5 0 4 9 10 2 0 6 2 10 1
7 9 3 6 5 6 0 1 3 3 3 3 0 3 7 7 5 10 9 10 1 1 6 0 5 7 9 10 7 2
5 8 9 1 5 1 2 2 5 8 10 1 2 7 2 9 9 5 4 7 7 4 0 2 6 0 1 3 4 5
2 2 6 8 0 1 8 6 7 9 2 7 7 0 6 4 6 7 10 5 0 6 5 4 10 6 7 10 3 5
3 0 1 4 2 3 8 10 0 1 1 6 0 0 6 3 6 6 7 3 3 1 5 7 8 7 2 1 5 3
1 8 0 7 4 8 2 1 6 4 8 7 1 4 7 5 3 3 0 6 0 10 4 9 7 8 5 0 7 9
8 10 8 2 5 10 2 10 2 3 6 9 10 9 8 10 0 2 2 7 7 1 6 5 3 2 9 10 5 9
3 8 7 9 10 3 10 8 10 3 5 5 10 8 10 8 5 7 2 2 0 2 1 2 2 5 8 2 4 1
5 1 1 9 9 8 1 5 6 1 1 1 7 9 10 5 7 7 7 2 9 9 2 9 1 2 5 1 8 8
1 1 1 1 1 0 6 3 0 1 5 3 6 3 0 7 4 0 3 9 7 6 9 7 5 0 9 4 5 6
8 1 1 1 1 4 10 0 9 9 2 3 3 0 8 6 1 4 0 8 4 7 5 8 3 3 10 0 8 4
4 2 2 7 8 4 3 9 6 7 0 5 0 8 2 6 6 4 6 5 6 0 8 0 3 10 2 0 0 7
9 9 7 10 8 1 4 6 10 4 6 6 2 9 3 4 9 8 6 2 9 6 5 0 10 9 5 4 9 7
1 5 9 2 10 8 7 9 0 2 6 7 8 10 3 0 5 2 8 10 8 4 10 8 6 8 8 7 7 2
8 9 9 3 1 5 10 6 9 8 2 4 5 0 10 1 1 3 3 3 0 4 8 8 10 4 9 2 10 2
7 0 2 8 10 8 3 6 3 0 6 6 0 0 2 8 6 10 8 8 9 9 6 2 8 4 2 1 9 6
10 8 1 4 10 8 4 4 7 7 2 0 8 8 5 10 7 7 1 10 4 6 2 0 3 4 5 5 1 8
7 10 5 4 0 6 10 7 10 4 6 3 9 8 2 3 0 10 3 3 2 4 9 8 7 1 2 7 9 1
0 7 10 2 2 2 3 8 7 1 10 4 4 6 9 4 5 4 6 1 3 1 1 10 3 2 2 3 6 8
6 9 6 2 4 5 3 4 4 10 2 2 7 7 5 0 0 10 2 6 9 4 2 3 9 3 2 7 9 8
5 0 7 9 3 0 5 4 6 4 10 9 3 9 8 5 6 7 10 0 4 10 10 6 6 2 4 1 2 7
0 10 3 0 5 6 0 2 10 10 8 10 1 6 0 10 0 10 5 0 9 4 7 0 5 6 4 4 9 1
6 10 1 2 10 7 5 9 6 4 4 3 4 6 5 8 1 8 10 8 8 1 3 8 1 8 0 9 10 4
0 49 28 4 56 90 4 2 96 61 12 35 68 81 1 19 33 82 85 74 71 51 100 39 73 94 83 13 91 69 54
49 0 13 98 98 44 89 32 77 41 83 100 87 67 69 80 47 66 69 56 69 66 25 43 91 100 19 28 68 49 51
28 13 0 60 9 4 36 62 29 73 43 65 37 24 45 84 8 51 86 47 55 81 83 49 62 49 20 55 83 5 47
4 98 60 0 18 17 84 50 36 85 10 22 100 36 24 58 13 36 61 86 42 54 58 63 94 67 35 97 75 19 84
56 98 9 18 0 68 3 57 66 14 19 52 26 17 58 80 73 96 70 46 21 73 7 23 76 67 20 27 61 27 68
90 44 4 17 68 0 70 8 46 65 50 47 21 50 10 4 81 75 23 94 21 27 11 47 19 3 57 77 1 14 81
4 89 36 84 3 70 0 16 79 41 23 62 41 4 25 56 37 30 79 81 62 82 9 98 32 70 10 3 16 49 75
2 32 62 50 57 8 16 0 15 13 88 59 50 65 28 34 23 40 2 59 90 90 98 45 22 43 43 87 95 81 96
96 77 29 36 66 46 79 15 0 40 100 58 20 85 39 85 74 40 11 67 2 23 76 12 15 35 25 35 61 19 81
61 41 73 85 14 65 41 13 40 0 95 49 52 65 42 37 54 48 63 82 78 34 49 69 9 15 12 84 69 16 42
12 83 43 10 19 50 23 88 100 95 0 31 30 38 34 59 81 5 98 44 18 98 42 66 13 15 1 99 75 34 94
35 100 65 22 52 47 62 59 58 49 31 0 90 17 62 86 80 52 66 54 27 62 44 68 75 28 76 59 38 49 87
68 87 37 100 26 21 41 50 20 52 30 90 0 10 49 83 42 74 25 76 79 19 9 50 74 35 53 8 42 94 15
81 67 24 36 17 50 4 65 85 65 38 17 10 0 21 34 77 64 9 83 10 69 54 34 76 5 57 18 72 28 2
1 69 45 24 58 10 25 28 39 42 34 62 49 21 0 9 50 41 99 58 3 19 97 6 26 4 25 34 90 10 19
19 80 84 58 80 4 56 34 85 37 59 86 83 34 9 0 83 43 47 55 80 65 66 15 30 48 66 86 84 12 97
33 47 8 13 73 81 37 23 74 54 81 80 42 77 50 83 0 50 79 52 70 72 94 69 13 85 21 14 47 75 67
82 66 51 36 96 75 30 40 40 48 5 52 74 64 41 43 50 0 96 81 23 84 18 36 95 13 17 97 93 16 23
85 69 86 61 70 23 79 2 11 63 98 66 25 9 99 47 79 96 0 70 21 80 72 96 70 23 3 29 34 47 69
74 56 47 86 46 94 81 59 67 82 44 54 76 83 58 55 52 81 70 0 48 29 58 77 84 53 84 3 9 12 25
71 69 55 42 21 21 62 90 2 78 18 27 79 10 3 80 70 23 21 48 0 23 30 78 70 48 91 22 78 89 79
51 66 81 54 73 27 82 90 23 34 98 62 19 69 19 65 72 84 80 29 23 0 42 40 60 34 29 73 96 66 73
100 25 83 58 7 11 9 98 76 49 42 44 9 54 97 66 94 18 72 58 30 42 0 57 8 30 41 4 10 19 18
39 43 49 63 23 47 98 45 12 69 66 68 50 34 6 15 69 36 96 77 78 40 57 0 13 81 58 58 62 36 81
73 91 62 94 76 19 32 22 15 9 13 75 74 76 26 30 13 95 70 84 70 60 8 13 0 2 69 42 100 66 43
94 100 49 67 67 3 70 43 35 15 15 28 35 5 4 48 85 13 23 53 48 34 30 81 2 0 40 31 51 43 74
83 19 20 35 20 57 10 43 25 12 1 76 53 57 25 66 21 17 3 84 91 29 41 58 69 40 0 74 95 76 4
13 28 55 97 27 77 3 87 35 84 99 59 8 18 34 86 14 97 29 3 22 73 4 58 42 31 74 0 45 36 73
91 68 83 75 61 1 16 95 61 69 75 38 42 72 90 84 47 93 34 9 78 96 10 62 100 51 95 45 0 87 64
69 49 5 19 27 14 49 81 19 16 34 49 94 28 10 12 75 16 47 12 89 66 19 36 66 43 76 36 87 0 27
54 51 47 84 68 81 75 96 81 42 94 87 15 2 19 97 67 23 69 25 79 73 18 81 43 74 4 73 64 27 0
44 46 21 52 30 72 48 61 14 29 29 2 11 28 37 71 24 67 11 25 42 73 47 32 81
0 7 18 26 30 13 6 27 19 28 5 25 24 8 20 14 0
59
0.37256598472595215