15 20
7 2 8 10 5 8 0 4 0 2 0 7 7 7 7 2 6 5 2 1
10 6 10 2 6 0 3 1 9 2 6 9 9 0 3 2 5 8 5 5
2 4 1 2 3 7 0 2 2 5 2 10 4 5 9 8 6 5 10 3
1 3 8 10 1 0 0 3 7 9 9 6 3 2 4 1 10 7 1 7
8 0 6 5 2 4 7 6 1 1 7 10 10 9 7 7 6 0 6 10
0 6 3 7 4 10 2 8 0 2 2 9 5 9 6 9 2 8 5 9
3 6 0 4 0 8 1 4 1 0 10 4 10 10 7 9 7 3 9 8
0 9 0 9 2 8 4 1 8 8 10 10 8 5 5 0 1 7 0 10
0 10 8 3 8 9 7 2 8 0 7 10 8 0 1 6 0 7 0 6
5 10 10 4 3 1 9 0 1 1 2 7 10 2 4 6 3 7 2 9
4 6 9 7 8 8 10 6 9 2 8 6 8 5 4 8 1 1 6 2
10 4 7 6 2 2 7 8 5 10 0 2 0 6 10 3 5 0 5 2
8 8 6 9 5 5 6 9 9 6 0 1 4 4 10 7 10 3 2 2
6 2 4 2 4 5 7 0 1 7 10 10 1 7 10 4 10 6 1 5
2 0 7 4 2 4 8 9 7 2 1 0 5 7 2 7 1 4 6 8
0 23 61 67 8 30 82 100 100 16 84 57 84 33 29 40 35 36 76 89 38
23 0 7 5 10 56 8 26 80 79 74 69 37 20 58 76 100 88 49 91 88
61 7 0 29 75 79 87 59 3 35 84 71 38 11 92 88 73 63 9 84 1
67 5 29 0 29 56 93 90 93 57 20 37 19 86 65 69 86 47 20 14 57
8 10 75 29 0 23 61 2 28 44 91 51 49 34 3 14 39 97 67 73 18
30 56 79 56 23 0 2 59 39 3 45 8 3 47 66 29 38 62 75 45 44
82 8 87 93 61 2 0 25 91 81 2 73 70 32 97 93 44 74 22 18 67
100 26 59 90 2 59 25 0 69 58 15 84 35 74 11 60 15 8 9 58 51
100 80 3 93 28 39 91 69 0 83 54 42 54 54 9 26 8 14 9 60 17
16 79 35 57 44 3 81 58 83 0 20 79 67 42 38 2 77 6 59 89 67
84 74 84 20 91 45 2 15 54 20 0 82 68 23 79 65 32 80 13 72 70
57 69 71 37 51 8 73 84 42 79 82 0 9 47 64 50 3 15 51 64 49
84 37 38 19 49 3 70 35 54 67 68 9 0 1 34 97 10 16 70 52 74
33 20 11 86 34 47 32 74 54 42 23 47 1 0 34 97 87 89 26 49 94
29 58 92 65 3 66 97 11 9 38 79 64 34 34 0 29 21 63 89 86 45
40 76 88 69 14 29 93 60 26 2 65 50 97 97 29 0 47 82 92 8 77
35 100 73 86 39 38 44 15 8 77 32 3 10 87 21 47 0 15 14 40 86
36 88 63 47 97 62 74 8 14 6 80 15 16 89 63 82 15 0 93 63 98
76 49 9 20 67 75 22 9 9 59 13 51 70 26 89 92 14 93 0 12 65
89 91 84 14 73 45 18 58 60 89 72 64 52 49 86 8 40 63 12 0 86
38 88 1 57 18 44 67 51 17 67 70 49 74 94 45 77 86 98 65 86 0
35 12 32 2 64 50 3 73 14 16 65 65 35 28 10
0 4 14 7 10 6 1 2 8 16 11 12 5 9 0
99
0.4156002998352051