10 4
2 1 2 1 
0 112 87 27 113 112 29 66 110 132 127 46 12 77 130 85 24 99 81 84 100 
112 0 94 138 180 128 86 56 214 242 17 67 123 159 191 114 92 188 179 172 123 
87 94 0 106 90 175 65 49 192 204 100 68 91 163 100 151 87 109 166 170 165 
27 138 106 0 111 120 55 92 87 106 153 72 17 68 130 95 47 90 62 70 108 
113 180 90 111 0 224 114 126 174 168 188 130 107 179 19 197 130 39 166 178 212 
112 128 175 120 224 0 115 130 144 183 142 108 119 78 241 27 95 208 109 91 13 
29 86 65 55 114 115 0 37 139 160 100 20 39 100 131 90 23 111 108 108 104 
66 56 49 92 126 130 37 0 175 197 67 27 76 132 139 107 54 133 144 142 121 
110 214 192 87 174 144 139 175 0 42 230 152 102 67 192 128 124 139 38 53 135 
132 242 204 106 168 183 160 197 42 0 257 177 122 106 183 166 150 130 75 93 174 
127 17 100 153 188 142 100 67 230 257 0 82 138 175 199 129 108 199 195 188 137 
46 67 68 72 130 108 20 27 152 177 82 0 57 106 146 84 29 130 119 116 98 
12 123 91 17 107 119 39 76 102 122 138 57 0 77 125 93 35 90 76 81 107 
77 159 163 68 179 78 100 132 67 106 175 106 77 0 197 62 79 153 32 15 68 
130 191 100 130 19 241 131 139 192 183 199 146 125 197 0 215 147 54 184 197 230 
85 114 151 95 197 27 90 107 128 166 129 84 93 62 215 0 69 182 92 76 15 
24 92 87 47 130 95 23 54 124 150 108 29 35 79 147 69 0 121 90 88 84 
99 188 109 90 39 208 111 133 139 130 199 130 90 153 54 182 121 0 136 151 196 
81 179 166 62 166 109 108 144 38 75 195 119 76 32 184 92 90 136 0 20 99 
84 172 170 70 178 91 108 142 53 93 188 116 81 15 197 76 88 151 20 0 82 
100 123 165 108 212 13 104 121 135 174 137 98 107 68 230 15 84 196 99 82 0 
