10 5
2 2 1 2 1 
0 45 94 89 96 51 103 68 122 44 76 102 43 90 55 61 102 118 60 89 63 
45 0 100 70 54 29 106 104 145 13 120 119 23 63 17 84 145 79 55 77 56 
94 100 0 54 109 126 10 71 60 88 133 196 78 69 116 43 164 110 147 38 46 
89 70 54 0 58 99 54 105 113 59 153 185 52 16 83 72 183 57 124 17 30 
96 54 109 58 0 74 111 141 166 53 171 166 56 43 56 113 197 28 100 73 69 
51 29 126 99 74 0 133 118 166 41 119 93 50 91 19 104 138 100 28 106 83 
103 106 10 54 111 133 0 80 63 93 142 205 84 69 122 52 173 110 154 38 51 
68 104 71 105 141 118 80 0 62 95 66 153 88 115 118 33 96 155 126 93 78 
122 145 60 113 166 166 63 62 0 133 124 214 124 127 161 62 151 169 181 97 98 
44 13 88 59 53 41 93 95 133 0 119 128 10 54 29 73 145 75 66 65 43 
76 120 133 153 171 119 142 66 124 119 0 109 116 158 128 91 31 192 113 146 124 
102 119 196 185 166 93 205 153 214 128 109 0 133 181 112 160 106 193 67 188 162 
43 23 78 52 56 50 84 88 124 10 116 133 0 49 39 65 144 76 74 57 34 
90 63 69 16 43 91 69 115 127 54 158 181 49 0 75 83 187 43 118 32 38 
55 17 116 83 56 19 122 118 161 29 128 112 39 75 0 100 150 82 46 92 71 
61 84 43 72 113 104 52 33 62 73 91 160 65 83 100 0 122 124 120 61 47 
102 145 164 183 197 138 173 96 151 145 31 106 144 187 150 122 0 219 127 177 153 
118 79 110 57 28 100 110 155 169 75 192 193 76 43 82 124 219 0 127 73 78 
60 55 147 124 100 28 154 126 181 66 113 67 74 118 46 120 127 127 0 130 106 
89 77 38 17 73 106 38 93 97 65 146 188 57 32 92 61 177 73 130 0 27 
63 56 46 30 69 83 51 78 98 43 124 162 34 38 71 47 153 78 106 27 0 
