10 2
3 4 
0 86 96 77 94 49 125 95 63 77 123 91 80 32 121 89 32 74 67 100 81 
86 0 54 78 41 129 85 113 147 63 189 62 107 106 176 87 75 127 21 73 166 
96 54 0 40 14 122 34 71 146 26 163 13 147 100 144 42 102 101 62 124 173 
77 78 40 0 49 90 54 35 115 17 124 28 146 70 105 13 95 62 75 138 145 
94 41 14 49 0 125 46 82 147 33 171 25 138 102 153 54 95 108 50 112 173 
49 129 122 90 125 0 143 88 26 98 77 113 119 24 82 98 78 48 111 148 58 
125 85 34 54 46 143 0 72 168 49 170 35 180 123 147 48 134 112 95 157 198 
95 113 71 35 82 88 72 0 113 51 99 58 170 75 76 30 119 45 109 170 146 
63 147 146 115 147 26 168 113 0 122 83 137 118 47 96 123 87 71 129 156 34 
77 63 26 17 33 98 49 51 122 0 138 16 138 76 120 24 89 76 62 126 150 
123 189 163 124 171 77 170 99 83 138 0 151 195 92 30 125 154 64 176 222 108 
91 62 13 28 25 113 35 58 137 16 151 0 148 91 131 29 101 89 66 130 166 
80 107 147 146 138 119 180 170 118 138 195 148 0 109 199 158 52 153 89 57 114 
32 106 100 70 102 24 123 75 47 76 92 91 109 0 90 79 63 45 89 130 76 
121 176 144 105 153 82 147 76 96 120 30 131 199 90 0 103 152 51 166 218 126 
89 87 42 13 54 98 48 30 123 24 125 29 158 79 103 0 107 65 86 149 154 
32 75 102 95 95 78 134 119 87 89 154 101 52 63 152 107 0 104 54 70 98 
74 127 101 62 108 48 112 45 71 76 64 89 153 45 51 65 104 0 115 167 104 
67 21 62 75 50 111 95 109 129 62 176 66 89 89 166 86 54 115 0 65 147 
100 73 124 138 112 148 157 170 156 126 222 130 57 130 218 149 70 167 65 0 161 
81 166 173 145 173 58 198 146 34 150 108 166 114 76 126 154 98 104 147 161 0 
