10 3
1 3 2 
0 100 86 113 74 39 133 113 62 110 103 69 95 38 97 73 76 26 99 88 54 
100 0 19 179 125 97 118 65 160 204 202 36 138 67 186 152 116 119 12 171 54 
86 19 0 175 122 79 103 76 147 188 188 33 137 57 176 145 114 103 13 154 48 
113 179 175 0 55 150 245 146 92 154 126 144 48 120 53 43 65 125 184 166 128 
74 125 122 55 0 112 201 95 87 153 133 90 21 70 78 42 13 95 131 150 75 
39 97 79 150 112 0 98 130 85 111 116 78 132 58 129 110 112 33 92 75 70 
133 118 103 245 201 98 0 179 180 184 200 129 220 133 225 206 197 129 107 138 135 
113 65 76 146 95 130 179 0 162 220 209 55 99 76 170 133 82 138 75 199 61 
62 160 147 92 87 85 180 162 0 67 48 128 103 96 50 54 96 53 160 75 111 
110 204 188 154 153 111 184 220 67 0 32 178 170 147 104 120 163 87 201 47 163 
103 202 188 126 133 116 200 209 48 32 0 172 147 140 74 95 143 86 200 69 156 
69 36 33 144 90 78 129 55 128 178 172 0 105 33 151 117 82 92 41 150 19 
95 138 137 48 21 132 220 99 103 170 147 105 0 88 85 52 24 115 145 169 91 
38 67 57 120 70 58 133 76 96 147 140 33 88 0 120 88 65 63 68 123 16 
97 186 176 53 78 129 225 170 50 104 74 151 85 120 0 38 90 98 188 123 133 
73 152 145 43 42 110 206 133 54 120 95 117 52 88 38 0 54 83 155 126 99 
76 116 114 65 13 112 197 82 96 163 143 82 24 65 90 54 0 99 122 156 67 
26 119 103 125 95 33 129 138 53 87 86 92 115 63 98 83 99 0 116 62 78 
99 12 13 184 131 92 107 75 160 201 200 41 145 68 188 155 122 116 0 166 57 
88 171 154 166 150 75 138 199 75 47 69 150 169 123 123 126 156 62 166 0 138 
54 54 48 128 75 70 135 61 111 163 156 19 91 16 133 99 67 78 57 138 0 
