15 4
1 2 2 3 
0 25 98 118 66 96 63 52 66 94 118 95 83 40 113 82 114 86 87 74 95 38 108 5 89 99 66 94 102 54 58 
25 0 81 93 50 117 81 58 81 118 142 77 83 30 113 65 138 109 63 69 98 44 133 21 75 112 70 69 114 78 52 
98 81 0 79 33 155 160 77 107 174 211 118 157 105 185 17 208 159 44 140 173 77 198 96 130 123 147 73 119 149 52 
118 93 79 0 85 205 164 130 162 211 233 66 130 96 150 81 229 201 42 112 146 122 225 114 86 187 130 26 185 169 109 
66 50 33 85 0 127 128 49 81 143 178 104 131 77 160 17 175 129 44 115 146 45 166 64 111 102 119 70 100 116 25 
96 117 155 205 127 0 109 79 48 41 94 191 166 135 191 141 93 25 167 163 171 84 74 101 184 48 146 183 57 78 104 
63 81 160 164 128 109 0 107 105 82 74 119 66 69 85 144 70 87 142 71 66 96 75 65 102 135 48 140 141 31 119 
52 58 77 130 49 79 107 0 32 99 141 132 134 86 164 62 138 83 90 123 147 15 126 54 132 58 118 111 58 86 25 
66 81 107 162 81 48 105 32 0 74 122 157 147 105 175 93 120 56 122 139 157 41 104 69 153 33 128 141 38 78 57 
94 118 174 211 143 41 82 99 74 0 54 184 146 127 167 158 53 19 177 147 147 98 34 98 173 86 127 187 94 55 122 
118 142 211 233 178 94 74 141 122 54 0 192 137 139 150 195 4 71 204 145 133 136 21 121 176 138 121 208 147 65 162 
95 77 118 66 104 191 119 132 157 184 192 0 69 58 85 110 188 179 76 53 84 119 190 91 21 188 75 50 189 133 120 
83 83 157 130 131 166 66 134 147 146 137 69 0 54 30 143 133 147 124 19 18 120 140 81 48 179 20 108 184 92 134 
40 30 105 96 77 135 69 86 105 127 139 58 54 0 83 91 136 122 77 39 69 71 135 36 50 137 43 71 140 78 82 
113 113 185 150 160 191 85 164 175 167 150 85 30 83 0 172 147 170 149 45 20 150 157 111 65 208 47 130 212 114 164 
82 65 17 81 17 141 144 62 93 158 195 110 143 91 172 0 192 144 41 127 159 61 182 80 120 112 133 70 108 133 37 
114 138 208 229 175 93 70 138 120 53 4 188 133 136 147 192 0 70 201 141 129 133 21 118 172 137 118 204 146 61 159 
86 109 159 201 129 25 87 83 56 19 71 179 147 122 170 144 70 0 165 146 151 84 51 90 169 68 127 178 77 57 107 
87 63 44 42 44 167 142 90 122 177 204 76 124 77 149 41 201 165 0 106 141 83 195 83 90 146 119 31 143 140 68 
74 69 140 112 115 163 71 123 139 147 145 53 19 39 45 127 141 146 106 0 36 109 145 71 33 172 24 90 175 93 121 
95 98 173 146 146 171 66 147 157 147 133 84 18 69 20 159 129 151 141 36 0 133 138 94 63 189 30 125 194 95 149 
38 44 77 122 45 84 96 15 41 98 136 119 120 71 150 61 133 84 83 109 133 0 122 39 118 70 104 101 71 78 26 
108 133 198 225 166 74 75 126 104 34 21 190 140 135 157 182 21 51 195 145 138 122 0 112 175 119 123 201 127 58 147 
5 21 96 114 64 101 65 54 69 98 121 91 81 36 111 80 118 90 83 71 94 39 112 0 85 102 65 90 105 57 58 
89 75 130 86 111 184 102 132 153 173 176 21 48 50 65 120 172 169 90 33 63 118 175 85 0 185 56 67 188 120 123 
99 112 123 187 102 48 135 58 33 86 138 188 179 137 208 112 137 68 146 172 189 70 119 102 185 0 161 168 10 106 78 
66 70 147 130 119 146 48 118 128 127 121 75 20 43 47 133 118 127 119 24 30 104 123 65 56 161 0 107 166 73 120 
94 69 73 26 70 183 140 111 141 187 208 50 108 71 130 70 204 178 31 90 125 101 201 90 67 168 107 0 167 144 92 
102 114 119 185 100 57 141 58 38 94 147 189 184 140 212 108 146 77 143 175 194 71 127 105 188 10 166 167 0 113 76 
54 78 149 169 116 78 31 86 78 55 65 133 92 78 114 133 61 57 140 93 95 78 58 57 120 106 73 144 113 0 103 
58 52 52 109 25 104 119 25 57 122 162 120 134 82 164 37 159 107 68 121 149 26 147 58 123 78 120 92 76 103 0 
