15 5
3 3 2 3 1 
0 21 59 112 35 30 95 108 88 142 116 59 98 38 130 22 13 95 75 45 100 96 80 87 72 92 84 35 79 83 89 
21 0 52 93 45 9 79 115 89 121 113 38 82 22 133 41 33 75 92 54 120 84 59 66 51 91 69 17 100 66 92 
59 52 0 82 93 49 115 77 42 122 164 54 53 69 86 77 66 96 87 41 146 40 78 78 65 42 111 42 112 44 144 
112 93 82 0 132 84 87 152 114 44 165 56 36 89 151 133 124 54 166 120 211 63 49 38 46 109 95 77 185 39 164 
35 45 93 132 0 53 89 140 123 154 86 77 126 44 164 30 35 101 96 78 91 128 91 100 88 127 74 61 87 110 55 
30 9 49 84 53 0 75 116 87 113 116 30 74 21 132 50 42 68 97 58 129 77 52 58 43 89 67 9 107 58 98 
95 79 115 87 89 75 0 188 156 84 82 62 106 58 200 109 106 34 169 132 179 126 44 52 55 156 16 77 171 94 92 
108 115 77 152 140 116 188 0 39 195 223 129 118 136 32 113 106 172 66 63 146 93 154 154 141 44 182 112 102 115 195 
88 89 42 114 123 87 156 39 0 156 201 95 80 108 45 100 90 136 78 49 153 55 119 117 105 8 151 82 112 77 177 
142 121 122 44 154 113 84 195 156 0 165 84 79 111 194 162 154 56 204 158 240 106 64 56 71 152 97 108 219 80 173 
116 113 164 165 86 116 82 223 201 165 0 123 176 96 244 115 120 114 180 161 154 189 117 128 124 203 71 123 166 161 39 
59 38 54 56 77 30 62 129 95 84 123 0 54 35 139 79 71 44 123 79 158 67 26 30 14 94 60 25 136 39 113 
98 82 53 36 126 74 106 118 80 79 176 54 0 87 116 119 108 76 139 93 194 28 63 55 53 75 109 66 163 17 166 
38 22 69 89 44 21 58 136 108 111 96 35 87 0 152 54 49 59 112 76 131 95 47 56 44 110 48 27 116 71 81 
130 133 86 151 164 132 200 32 45 194 244 139 116 152 0 138 130 179 97 86 176 89 162 160 149 45 196 127 133 117 218 
22 41 77 133 30 50 109 113 100 162 115 79 119 54 138 0 12 113 67 52 79 115 99 107 92 105 96 56 63 104 83 
13 33 66 124 35 42 106 106 90 154 120 71 108 49 130 12 0 107 66 44 88 104 92 99 84 95 93 47 68 93 90 
95 75 96 54 101 68 34 172 136 56 114 44 76 59 179 113 107 0 164 122 189 99 19 22 32 135 44 66 174 66 118 
75 92 87 166 96 97 169 66 78 204 180 123 139 112 97 67 66 164 0 47 80 122 147 152 137 86 158 99 36 129 146 
45 54 41 120 78 58 132 63 49 158 161 79 93 76 86 52 44 122 47 0 108 79 104 107 93 55 123 57 71 83 133 
100 120 146 211 91 129 179 146 153 240 154 158 194 131 176 79 88 189 80 108 0 185 177 185 171 160 164 135 44 180 115 
96 84 40 63 128 77 126 93 55 106 189 67 28 95 89 115 104 99 122 79 185 0 83 77 71 49 126 69 149 33 174 
80 59 78 49 91 52 44 154 119 64 117 26 63 47 162 99 92 19 147 104 177 83 0 12 14 117 48 49 158 51 116 
87 66 78 38 100 58 52 154 117 56 128 30 55 56 160 107 99 22 152 107 185 77 12 0 16 115 58 54 165 45 127 
72 51 65 46 88 43 55 141 105 71 124 14 53 44 149 92 84 32 137 93 171 71 14 16 0 104 57 39 150 39 119 
92 91 42 109 127 89 156 44 8 152 203 94 75 110 45 105 95 135 86 55 160 49 117 115 104 0 152 83 119 74 181 
84 69 111 95 74 67 16 182 151 97 71 60 109 48 196 96 93 44 158 123 164 126 48 58 57 152 0 70 158 96 77 
35 17 42 77 61 9 77 112 82 108 123 25 66 27 127 56 47 66 99 57 135 69 49 54 39 83 70 0 111 50 105 
79 100 112 185 87 107 171 102 112 219 166 136 163 116 133 63 68 174 36 71 44 149 158 165 150 119 158 111 0 150 129 
83 66 44 39 110 58 94 115 77 80 161 39 17 71 117 104 93 66 129 83 180 33 51 45 39 74 96 50 150 0 151 
89 92 144 164 55 98 92 195 177 173 39 113 166 81 218 83 90 118 146 133 115 174 116 127 119 181 77 105 129 151 0 
