15 6
2 1 2 1 2 1 
0 94 78 82 109 70 50 111 101 34 82 59 93 72 109 119 118 98 58 27 96 91 54 124 83 99 87 38 110 97 116 
94 0 167 175 144 46 132 197 96 61 142 152 163 150 133 209 207 130 111 71 158 8 148 50 126 29 123 71 18 163 56 
78 167 0 32 100 148 84 34 132 108 123 54 117 96 111 42 40 154 72 105 61 162 47 201 84 163 92 98 184 55 194 
82 175 32 0 130 148 67 53 155 115 103 34 93 74 139 47 49 137 95 107 92 171 32 203 111 176 119 111 191 86 194 
109 144 100 130 0 154 150 107 58 112 188 137 194 171 17 128 123 206 51 122 43 137 128 192 26 124 24 89 160 51 193 
70 46 148 148 154 0 94 180 118 45 98 120 120 109 147 188 187 85 109 44 155 48 118 55 131 69 131 66 55 158 47 
50 132 84 67 150 94 0 115 150 77 41 34 44 22 153 113 115 71 101 63 126 130 38 147 125 143 131 87 145 124 135 
111 197 34 53 107 180 115 0 149 139 154 84 146 126 121 23 17 186 94 137 65 192 78 233 97 190 106 127 214 57 227 
101 96 132 155 58 118 150 149 0 86 181 149 193 172 43 168 164 188 61 101 90 89 141 145 53 71 45 66 109 98 149 
34 61 108 115 112 45 77 139 86 0 99 92 115 98 107 149 148 103 65 17 111 58 87 95 88 67 88 23 77 114 90 
82 142 123 103 188 98 41 154 181 99 0 71 24 30 190 149 151 38 138 83 166 142 77 143 163 159 168 115 152 165 129 
59 152 54 34 137 120 34 84 149 92 71 0 64 43 143 80 82 104 93 81 106 149 10 174 114 157 121 95 167 102 164 
93 163 117 93 194 120 44 146 193 115 24 64 0 24 197 138 141 59 145 99 167 163 72 167 169 178 175 129 174 165 152 
72 150 96 74 171 109 22 126 172 98 30 43 24 0 174 120 122 67 122 82 145 149 50 160 146 163 153 109 162 142 147 
109 133 111 139 17 147 153 121 43 107 190 143 197 174 0 142 137 204 53 119 57 126 134 181 30 111 22 84 148 65 184 
119 209 42 47 128 188 113 23 168 149 149 80 138 120 142 0 6 184 111 145 86 204 77 242 117 205 126 140 226 78 234 
118 207 40 49 123 187 115 17 164 148 151 82 141 122 137 6 0 185 107 144 81 202 78 241 112 202 121 138 224 73 233 
98 130 154 137 206 85 71 186 188 103 38 104 59 67 204 184 185 0 155 88 190 132 109 120 180 152 184 123 136 190 104 
58 111 72 95 51 109 101 94 61 65 138 93 145 122 53 111 107 155 0 73 48 105 84 154 26 99 31 44 128 53 152 
27 71 105 107 122 44 63 137 101 17 83 81 99 82 119 145 144 88 73 0 116 69 77 97 97 81 99 36 86 118 90 
96 158 61 92 43 155 126 65 90 111 166 106 167 145 57 86 81 190 48 116 0 151 97 202 37 144 45 91 175 9 199 
91 8 162 171 137 48 130 192 89 58 142 149 163 149 126 204 202 132 105 69 151 0 144 57 119 24 116 65 24 157 62 
54 148 47 32 128 118 38 78 141 87 77 10 72 50 134 77 78 109 84 77 97 144 0 172 105 152 112 88 163 93 163 
124 50 201 203 192 55 147 233 145 95 143 174 167 160 181 242 241 120 154 97 202 57 172 0 172 76 170 111 38 206 17 
83 126 84 111 26 131 125 97 53 88 163 114 169 146 30 117 112 180 26 97 37 119 105 172 0 109 10 66 142 45 172 
99 29 163 176 124 69 143 190 71 67 159 157 178 163 111 205 202 152 99 81 144 24 152 76 109 0 104 66 40 150 84 
87 123 92 119 24 131 131 106 45 88 168 121 175 153 22 126 121 184 31 99 45 116 112 170 10 104 0 66 139 53 170 
38 71 98 111 89 66 87 127 66 23 115 95 129 109 84 140 138 123 44 36 91 65 88 111 66 66 66 0 88 95 109 
110 18 184 191 160 55 145 214 109 77 152 167 174 162 148 226 224 136 128 86 175 24 163 38 142 40 139 88 0 180 49 
97 163 55 86 51 158 124 57 98 114 165 102 165 142 65 78 73 190 53 118 9 157 93 206 45 150 53 95 180 0 203 
116 56 194 194 193 47 135 227 149 90 129 164 152 147 184 234 233 104 152 90 199 62 163 17 172 84 170 109 49 203 0 
