20 4
1 3 3 3 
0 63 71 30 88 86 56 134 18 95 65 75 68 83 101 41 93 122 48 93 89 80 93 49 53 95 113 54 102 38 73 113 49 87 20 107 138 102 67 86 89 
63 0 67 84 30 49 36 116 72 115 78 133 38 21 97 56 45 97 103 104 48 77 155 60 51 56 93 21 151 71 64 159 98 62 80 141 180 160 121 27 111 
71 67 0 100 94 38 94 63 63 51 20 106 33 77 33 99 112 52 117 155 43 11 133 106 103 122 43 47 106 41 6 183 119 126 90 177 208 167 88 91 155 
30 84 100 0 105 114 65 163 41 119 92 75 96 104 129 40 103 151 20 75 116 108 85 45 54 102 142 80 111 64 102 84 20 88 12 80 109 77 75 103 68 
88 30 94 105 0 68 43 135 100 143 107 161 62 19 121 70 23 114 123 104 65 103 181 70 59 36 113 50 181 100 90 172 116 51 103 147 189 180 150 4 115 
86 49 38 114 68 0 84 68 85 88 57 138 18 50 57 99 89 48 133 151 6 44 165 104 98 101 46 37 143 70 33 196 132 110 106 183 219 188 121 65 156 
56 36 94 65 43 84 0 149 72 135 99 130 70 49 126 28 39 131 82 69 83 104 146 27 17 39 126 50 157 82 92 130 74 34 66 107 147 138 123 42 76 
134 116 63 163 135 68 149 0 124 73 74 156 80 117 37 159 156 22 179 214 71 55 185 166 161 169 24 100 142 101 61 245 182 177 152 239 271 226 137 132 216 
18 72 63 41 100 85 72 124 0 79 53 62 68 92 90 59 107 115 56 110 88 70 84 67 70 110 105 58 86 24 66 122 60 104 29 120 148 105 51 97 105 
95 115 51 119 143 88 135 73 79 0 38 88 83 127 41 133 159 78 131 187 92 44 116 141 141 168 67 94 70 58 56 194 137 169 107 198 222 167 69 140 183 
65 78 20 92 107 57 99 74 53 38 0 87 49 92 38 99 123 68 108 154 62 21 115 107 106 131 57 57 87 29 26 173 111 132 81 171 200 153 69 104 153 
75 133 106 75 161 138 130 156 62 88 87 0 123 153 120 111 167 154 73 148 142 108 29 118 124 169 143 118 42 69 111 122 84 159 68 139 149 85 20 159 138 
68 38 33 96 62 18 70 80 68 83 49 123 0 45 60 82 81 62 115 136 21 41 149 88 82 93 56 21 132 55 29 178 114 99 88 166 202 170 107 59 140 
83 21 77 104 19 50 49 117 92 127 92 153 45 0 104 73 40 96 123 115 47 86 175 75 65 53 95 37 170 89 74 177 117 66 100 155 196 180 140 16 124 
101 97 33 129 121 57 126 37 90 41 38 120 60 104 0 131 141 38 145 186 61 23 148 138 135 152 27 78 109 66 34 211 148 157 118 208 237 190 100 118 187 
41 56 99 40 70 99 28 159 59 133 99 111 82 73 131 0 65 143 56 56 100 109 124 9 15 62 136 62 142 76 99 104 47 49 44 85 124 111 106 69 58 
93 45 112 103 23 89 39 156 107 159 123 167 81 40 141 65 0 136 120 88 86 121 184 62 51 14 134 66 191 112 109 161 111 32 104 134 176 175 158 25 100 
122 97 52 151 114 48 131 22 115 78 68 154 62 96 38 143 136 0 169 197 50 47 182 149 144 149 12 82 146 93 49 234 170 158 141 225 259 219 135 111 200 
48 103 117 20 123 133 82 179 56 131 108 73 115 123 145 56 120 169 0 77 136 125 76 59 69 117 160 99 112 79 120 66 13 102 29 70 93 58 78 122 66 
93 104 155 75 104 151 69 214 110 187 154 148 136 115 186 56 88 197 77 0 151 164 152 49 54 77 191 115 186 129 154 84 65 57 86 50 92 113 150 105 18 
89 48 43 116 65 6 83 71 88 92 62 142 21 47 61 100 86 50 136 151 0 49 169 105 98 99 49 38 148 74 38 198 134 108 108 184 221 191 126 62 156 
80 77 11 108 103 44 104 55 70 44 21 108 41 86 23 109 121 47 125 164 49 0 136 116 113 132 37 57 104 47 13 191 128 136 97 186 217 173 89 100 165 
93 155 133 85 181 165 146 185 84 116 115 29 149 175 148 124 184 182 76 152 169 136 0 130 138 185 171 142 60 96 138 110 88 172 81 133 136 67 48 179 139 
49 60 106 45 70 104 27 166 67 141 107 118 88 75 138 9 62 149 59 49 105 116 130 0 12 58 143 68 150 84 106 103 49 44 50 81 121 113 114 69 52 
53 51 103 54 59 98 17 161 70 141 106 124 82 65 135 15 51 144 69 54 98 113 138 12 0 48 138 62 155 85 102 113 60 35 58 91 131 124 119 59 60 
95 56 122 102 36 101 39 169 110 168 131 169 93 53 152 62 14 149 117 77 99 132 185 58 48 0 146 76 196 118 119 154 107 20 104 124 166 170 161 39 91 
113 93 43 142 113 46 126 24 105 67 57 143 56 95 27 136 134 12 160 191 49 37 171 143 138 146 0 77 135 83 40 225 161 154 132 218 250 209 124 110 194 
54 21 47 80 50 37 50 100 58 94 57 118 21 37 78 62 66 82 99 115 38 57 142 68 62 76 77 0 133 52 45 160 97 80 73 146 183 156 104 47 119 
102 151 106 111 181 143 157 142 86 70 87 42 132 170 109 142 191 146 112 186 148 104 60 150 155 196 135 133 0 82 112 163 123 189 102 180 190 124 37 178 176 
38 71 41 64 100 70 82 101 24 58 29 69 55 89 66 76 112 93 79 129 74 47 96 84 85 118 83 52 82 0 45 145 83 115 53 144 171 126 53 97 126 
73 64 6 102 90 33 92 61 66 56 26 111 29 74 34 99 109 49 120 154 38 13 138 106 102 119 40 45 112 45 0 185 121 124 92 179 211 170 93 87 156 
113 159 183 84 172 196 130 245 122 194 173 122 178 177 211 104 161 234 66 84 198 191 110 103 113 154 225 160 163 145 185 0 65 135 94 38 28 46 134 171 67 
49 98 119 20 116 132 74 182 60 137 111 84 114 117 148 47 111 170 13 65 134 128 88 49 60 107 161 97 123 83 121 65 0 91 31 62 90 65 88 115 54 
87 62 126 88 51 110 34 177 104 169 132 159 99 66 157 49 32 158 102 57 108 136 172 44 35 20 154 80 189 115 124 135 91 0 92 104 147 153 153 53 71 
20 80 90 12 103 106 66 152 29 107 81 68 88 100 118 44 104 141 29 86 108 97 81 50 58 104 132 73 102 53 92 94 31 92 0 92 120 83 65 101 79 
107 141 177 80 147 183 107 239 120 198 171 139 166 155 208 85 134 225 70 50 184 186 133 81 91 124 218 146 180 144 179 38 62 104 92 0 43 78 146 148 34 
138 180 208 109 189 219 147 271 148 222 200 149 202 196 237 124 176 259 93 92 221 217 136 121 131 166 250 183 190 171 211 28 90 147 120 43 0 71 162 189 76 
102 160 167 77 180 188 138 226 105 167 153 85 170 180 190 111 175 219 58 113 191 173 67 113 124 170 209 156 124 126 170 46 65 153 83 78 71 0 100 179 97 
67 121 88 75 150 121 123 137 51 69 69 20 107 140 100 106 158 135 78 150 126 89 48 114 119 161 124 104 37 53 93 134 88 153 65 146 162 100 0 147 141 
86 27 91 103 4 65 42 132 97 140 104 159 59 16 118 69 25 111 122 105 62 100 179 69 59 39 110 47 178 97 87 171 115 53 101 148 189 179 147 0 116 
89 111 155 68 115 156 76 216 105 183 153 138 140 124 187 58 100 200 66 18 156 165 139 52 60 91 194 119 176 126 156 67 54 71 79 34 76 97 141 116 0 
