20 8
2 2 1 2 2 1 1 1 
0 89 58 88 100 62 82 79 74 100 89 123 136 139 82 65 90 88 87 93 45 30 115 77 66 109 59 63 82 100 58 65 116 48 98 60 77 27 109 111 97 
89 0 137 114 123 116 55 156 155 32 91 99 215 200 162 86 132 169 69 81 57 74 190 123 28 128 106 141 158 179 112 115 81 43 176 78 150 97 179 67 81 
58 137 0 138 83 104 139 22 19 138 144 179 135 85 92 120 62 92 145 150 102 64 58 121 118 159 107 83 24 104 102 44 133 101 41 74 97 75 126 134 109 
88 114 138 0 185 37 63 158 150 142 30 61 128 223 88 31 178 97 52 44 66 111 192 25 90 22 32 74 161 101 38 153 181 86 173 139 72 65 85 171 169 
100 123 83 185 0 161 156 85 93 106 179 205 217 91 168 158 25 171 167 177 126 76 102 176 121 206 158 155 85 183 157 41 72 111 99 50 169 126 201 81 51 
62 116 104 37 161 0 77 123 114 140 57 93 103 189 56 38 150 65 72 69 60 89 156 17 90 56 12 38 126 71 5 125 170 78 137 119 40 36 64 162 153 
82 55 139 63 156 77 0 160 155 85 37 50 180 217 130 40 156 139 15 27 37 86 196 78 38 74 65 110 162 146 74 134 131 46 179 107 116 74 139 119 125 
79 156 22 158 85 123 160 0 12 155 165 200 142 67 104 140 61 103 166 171 123 82 37 139 138 178 127 99 3 114 121 52 144 121 21 88 111 95 138 147 120 
74 155 19 150 93 114 155 12 0 156 159 194 131 77 93 134 70 92 160 164 119 82 43 131 136 170 119 88 14 103 113 58 149 118 24 91 101 88 127 151 124 
100 32 138 142 106 140 85 155 156 0 121 130 234 190 179 113 119 187 99 112 81 77 187 149 53 158 130 159 157 197 136 108 52 62 175 69 170 115 201 38 58 
89 91 144 30 179 57 37 165 159 121 0 38 155 228 112 26 175 121 24 14 53 104 201 51 70 38 46 94 168 126 55 151 164 71 182 130 96 71 113 152 155 
123 99 179 61 205 93 50 200 194 130 38 0 188 261 147 62 204 156 38 30 81 133 236 85 87 56 83 131 203 161 92 181 178 94 218 155 131 107 145 165 174 
136 215 135 128 217 103 180 142 131 234 155 188 0 199 55 140 196 49 174 169 159 165 157 105 188 136 115 75 143 37 107 176 251 174 142 192 66 119 44 247 230 
139 200 85 223 91 189 217 67 77 190 228 261 199 0 168 203 72 166 225 231 181 132 43 205 189 244 192 165 64 175 187 86 162 174 58 124 177 159 202 170 140 
82 162 92 88 168 56 130 104 93 179 112 147 55 168 0 92 150 10 127 124 106 112 129 64 135 102 67 21 106 18 58 128 198 119 111 139 17 65 35 193 177 
65 86 120 31 158 38 40 140 134 113 26 62 140 203 92 0 152 101 35 33 36 83 176 39 60 50 26 74 143 108 35 128 150 55 157 111 77 46 100 140 139 
90 132 62 178 25 150 156 61 70 119 175 204 196 72 150 152 0 152 167 175 123 72 78 166 124 199 149 139 61 164 146 26 92 112 75 54 153 115 184 100 70 
88 169 92 97 171 65 139 103 92 187 121 156 49 166 10 101 152 0 135 133 114 117 126 73 143 111 76 29 105 13 67 131 203 127 108 144 26 73 37 199 182 
87 69 145 52 167 72 15 166 160 99 24 38 174 225 127 35 167 135 0 13 44 96 202 70 51 61 60 108 168 142 69 144 145 57 184 118 111 76 132 133 138 
93 81 150 44 177 69 27 171 164 112 14 30 169 231 124 33 175 133 13 0 52 104 207 64 63 50 58 106 173 138 67 152 157 67 188 128 108 78 126 145 150 
45 57 102 66 126 60 37 123 119 81 53 81 159 181 106 36 123 114 44 52 0 52 160 69 30 85 50 85 126 123 56 100 115 20 142 77 94 43 122 106 104 
30 74 64 111 76 89 86 82 82 77 104 133 165 132 112 83 72 117 96 104 52 0 117 104 58 131 85 93 85 129 85 49 87 42 102 31 107 55 139 83 67 
115 190 58 192 102 156 196 37 43 187 201 236 157 43 129 176 78 126 202 207 160 117 0 172 174 212 161 128 34 135 155 80 169 157 20 119 139 131 162 174 145 
77 123 121 25 176 17 78 139 131 149 51 85 105 205 64 39 166 73 70 64 69 104 172 0 97 41 20 50 142 77 20 141 181 88 153 134 47 51 63 173 166 
66 28 118 90 121 90 38 138 136 53 70 87 188 189 135 60 124 143 51 63 30 58 174 97 0 106 79 114 141 152 85 104 95 19 158 72 123 71 152 83 88 
109 128 159 22 206 56 74 178 170 158 38 56 136 244 102 50 199 111 61 50 85 131 212 41 106 0 52 91 181 113 58 174 199 104 193 159 86 86 93 188 188 
59 106 107 32 158 12 65 127 119 130 46 83 115 192 67 26 149 76 60 58 50 85 161 20 79 52 0 49 130 82 10 124 162 69 142 115 51 34 75 154 147 
63 141 83 74 155 38 110 99 88 159 94 131 75 165 21 74 139 29 108 106 85 93 128 50 114 91 49 0 101 39 40 115 179 99 109 122 15 45 47 174 159 
82 158 24 161 85 126 162 3 14 157 168 203 143 64 106 143 61 105 168 173 126 85 34 142 141 181 130 101 0 116 124 53 145 124 19 90 114 98 140 148 121 
100 179 104 101 183 71 146 114 103 197 126 161 37 175 18 108 164 13 142 138 123 129 135 77 152 113 82 39 116 0 74 143 215 137 118 156 31 83 29 210 194 
58 112 102 38 157 5 74 121 113 136 55 92 107 187 58 35 146 67 69 67 56 85 155 20 85 58 10 40 124 74 0 121 165 74 136 115 43 32 68 157 149 
65 115 44 153 41 125 134 52 58 108 151 181 176 86 128 128 26 131 144 152 100 49 80 141 104 174 124 115 53 143 121 0 92 90 70 40 129 90 161 96 68 
116 81 133 181 72 170 131 144 149 52 164 178 251 162 198 150 92 203 145 157 115 87 169 181 95 199 162 179 145 215 165 92 0 96 162 61 192 138 225 15 25 
48 43 101 86 111 78 46 121 118 62 71 94 174 174 119 55 112 127 57 67 20 42 157 88 19 104 69 99 124 137 74 90 96 0 141 62 109 55 139 86 85 
98 176 41 173 99 137 179 21 24 175 182 218 142 58 111 157 75 108 184 188 142 102 20 153 158 193 142 109 19 118 136 70 162 141 0 108 120 112 144 165 137 
60 78 74 139 50 119 107 88 91 69 130 155 192 124 139 111 54 144 118 128 77 31 119 134 72 159 115 122 90 156 115 40 61 62 108 0 136 85 168 60 38 
77 150 97 72 169 40 116 111 101 170 96 131 66 177 17 77 153 26 111 108 94 107 139 47 123 86 51 15 114 31 43 129 192 109 120 136 0 56 33 186 173 
27 97 75 65 126 36 74 95 88 115 71 107 119 159 65 46 115 73 76 78 43 55 131 51 71 86 34 45 98 83 32 90 138 55 112 85 56 0 87 132 120 
109 179 126 85 201 64 139 138 127 201 113 145 44 202 35 100 184 37 132 126 122 139 162 63 152 93 75 47 140 29 68 161 225 139 144 168 33 87 0 219 205 
111 67 134 171 81 162 119 147 151 38 152 165 247 170 193 140 100 199 133 145 106 83 174 173 83 188 154 174 148 210 157 96 15 86 165 60 186 132 219 0 31 
97 81 109 169 51 153 125 120 124 58 155 174 230 140 177 139 70 182 138 150 104 67 145 166 88 188 147 159 121 194 149 68 25 85 137 38 173 120 205 31 0 
