20 3
2 1 6 
0 53 70 121 86 42 47 62 90 76 73 73 67 84 128 83 114 93 51 66 60 74 47 97 99 109 46 59 54 116 92 50 7 95 102 107 108 29 100 27 74 
53 0 74 104 39 94 98 81 126 111 92 25 119 33 104 34 160 42 27 35 100 97 94 145 54 154 77 8 74 160 105 32 47 144 64 153 150 68 144 62 126 
70 74 0 175 110 86 83 130 70 57 26 97 114 101 177 78 173 107 95 107 127 34 111 108 125 108 115 73 122 177 32 98 72 108 66 107 172 50 99 96 110 
121 104 175 0 82 151 159 76 211 197 189 89 161 93 17 123 164 95 81 70 112 192 125 209 73 225 94 108 79 158 204 78 115 208 161 223 143 149 217 102 176 
86 39 110 82 0 127 132 91 164 149 130 14 150 12 77 42 182 14 39 29 120 135 120 181 16 191 95 37 86 180 141 42 80 180 80 190 168 105 182 86 159 
42 94 86 151 127 0 9 79 71 62 77 114 29 125 160 123 87 134 90 105 55 73 35 59 139 75 59 100 74 92 96 89 48 58 135 73 89 38 67 49 33 
47 98 83 159 132 9 0 88 62 54 71 119 31 129 168 125 92 138 97 112 63 67 44 52 145 66 68 104 82 98 90 95 53 50 135 65 96 37 59 57 30 
62 81 130 76 91 79 88 0 146 133 135 85 86 96 88 113 96 103 57 62 38 135 50 136 94 153 21 89 9 92 153 52 59 135 144 152 79 89 146 36 102 
90 126 70 211 164 71 62 146 0 16 45 151 85 158 217 142 146 166 137 152 125 37 106 49 179 42 126 129 139 153 53 138 96 49 135 41 154 63 33 112 72 
76 111 57 197 149 62 54 133 16 0 33 135 80 143 203 127 142 151 122 137 115 25 96 55 164 52 114 114 126 149 45 123 82 54 122 51 148 48 42 98 69 
73 92 26 189 130 77 71 135 45 33 0 116 101 122 192 102 163 129 110 123 125 9 107 86 146 84 118 93 127 168 20 112 77 86 91 83 165 47 75 99 94 
73 25 97 89 14 114 119 85 151 135 116 0 138 12 85 35 173 21 29 24 111 122 109 168 30 177 86 24 79 171 128 34 67 166 73 176 160 92 168 75 146 
67 119 114 161 150 29 31 86 85 80 101 138 0 149 173 149 62 158 112 126 52 96 37 55 160 74 68 126 83 69 120 109 72 54 163 73 70 66 70 66 18 
84 33 101 93 12 125 129 96 158 143 122 12 149 0 88 31 184 10 41 34 123 128 121 177 26 186 98 30 90 183 132 45 78 176 69 185 172 100 177 87 157 
128 104 177 17 77 160 168 88 217 203 192 85 173 88 0 118 179 88 83 70 125 195 136 219 65 234 106 107 90 173 207 81 122 218 156 232 159 155 225 111 187 
83 34 78 123 42 123 125 113 142 127 102 35 149 31 118 0 194 33 57 58 133 109 127 169 56 175 111 26 107 194 109 62 79 168 39 174 184 92 165 95 154 
114 160 173 164 182 87 92 96 146 142 163 173 62 184 179 194 0 193 144 154 62 158 67 107 188 126 87 168 98 11 181 140 117 106 215 125 23 124 125 99 74 
93 42 107 95 14 134 138 103 166 151 129 21 158 10 88 33 193 0 49 41 131 135 129 186 24 195 106 38 98 191 138 53 87 185 70 194 180 109 185 96 166 
51 27 95 81 39 90 97 57 137 122 110 29 112 41 83 57 144 49 0 16 82 113 81 147 49 159 58 34 51 143 124 6 44 146 91 158 132 75 150 48 122 
66 35 107 70 29 105 112 62 152 137 123 24 126 34 70 58 154 41 16 0 92 127 94 162 36 174 67 40 58 152 137 17 60 161 95 173 140 90 165 61 136 
60 100 127 112 120 55 63 38 125 115 125 111 52 123 125 133 62 131 82 92 0 123 20 106 127 124 25 108 38 61 144 78 61 104 158 122 51 80 118 39 69 
74 97 34 192 135 73 67 135 37 25 9 122 96 128 195 109 158 135 113 127 123 0 105 79 151 76 117 99 127 164 24 115 79 78 99 75 162 46 67 99 88 
47 94 111 125 120 35 44 50 106 96 107 109 37 121 136 127 67 129 81 94 20 105 0 88 129 106 31 102 47 69 126 78 50 87 148 104 62 63 99 34 52 
97 145 108 209 181 59 52 136 49 55 86 168 55 177 219 169 107 186 147 162 106 79 88 0 194 20 116 150 131 116 99 146 103 2 171 19 120 78 19 108 38 
99 54 125 73 16 139 145 94 179 164 146 30 160 26 65 56 188 24 49 36 127 151 129 194 0 205 102 53 91 186 157 52 92 193 93 204 173 119 196 96 170 
109 154 108 225 191 75 66 153 42 52 84 177 74 186 234 175 126 195 159 174 124 76 106 20 205 0 133 158 148 135 94 158 115 21 173 2 139 87 11 123 57 
46 77 115 94 95 59 68 21 126 114 118 86 68 98 106 111 87 106 58 67 25 117 31 116 102 133 0 85 16 86 137 53 44 115 138 132 74 72 126 20 82 
59 8 73 108 37 100 104 89 129 114 93 24 126 30 107 26 168 38 34 40 108 99 102 150 53 158 85 0 82 168 104 39 54 149 58 157 158 72 148 70 132 
54 74 122 79 86 74 82 9 139 126 127 79 83 90 90 107 98 98 51 58 38 127 47 131 91 148 16 82 0 95 145 46 51 130 137 146 83 82 140 29 98 
116 160 177 158 180 92 98 92 153 149 168 171 69 183 173 194 11 191 143 152 61 164 69 116 186 135 86 168 95 0 187 139 118 115 217 134 15 128 134 99 82 
92 105 32 204 141 96 90 153 53 45 20 128 120 132 207 109 181 138 124 137 144 24 126 99 157 94 137 104 145 187 0 127 95 99 91 93 185 66 85 118 111 
50 32 98 78 42 89 95 52 138 123 112 34 109 45 81 62 140 53 6 17 78 115 78 146 52 158 53 39 46 139 127 0 44 145 96 157 127 76 149 45 120 
7 47 72 115 80 48 53 59 96 82 77 67 72 78 122 79 117 87 44 60 61 79 50 103 92 115 44 54 51 118 95 44 0 102 99 114 110 35 106 25 80 
95 144 108 208 180 58 50 135 49 54 86 166 54 176 218 168 106 185 146 161 104 78 87 2 193 21 115 149 130 115 99 145 102 0 170 20 119 77 20 107 37 
102 64 66 161 80 135 135 144 135 122 91 73 163 69 156 39 215 70 91 95 158 99 148 171 93 173 138 58 137 217 91 96 99 170 0 172 208 99 163 120 164 
107 153 107 223 190 73 65 152 41 51 83 176 73 185 232 174 125 194 158 173 122 75 104 19 204 2 132 157 146 134 93 157 114 20 172 0 138 85 10 122 56 
108 150 172 143 168 89 96 79 154 148 165 160 70 172 159 184 23 180 132 140 51 162 62 120 173 139 74 158 83 15 185 127 110 119 208 138 0 123 137 89 85 
29 68 50 149 105 38 37 89 63 48 47 92 66 100 155 92 124 109 75 90 80 46 63 78 119 87 72 72 82 128 66 76 35 77 99 85 123 0 77 54 66 
100 144 99 217 182 67 59 146 33 42 75 168 70 177 225 165 125 185 150 165 118 67 99 19 196 11 126 148 140 134 85 149 106 20 163 10 137 77 0 115 53 
27 62 96 102 86 49 57 36 112 98 99 75 66 87 111 95 99 96 48 61 39 99 34 108 96 123 20 70 29 99 118 45 25 107 120 122 89 54 115 0 78 
74 126 110 176 159 33 30 102 72 69 94 146 18 157 187 154 74 166 122 136 69 88 52 38 170 57 82 132 98 82 111 120 80 37 164 56 85 66 53 78 0 
