20 2
6 9 
0 27 88 92 36 24 79 73 86 78 83 92 74 83 112 58 46 50 122 78 58 62 117 53 50 36 47 69 97 104 95 49 81 93 96 44 100 43 71 9 49 
27 0 65 87 15 38 106 50 87 103 82 88 91 77 124 82 50 69 108 66 51 88 97 61 32 16 45 65 83 80 119 44 96 111 97 52 127 46 94 23 75 
88 65 0 66 70 103 166 15 82 166 136 137 155 126 135 145 72 133 138 38 53 141 35 83 79 52 62 61 42 18 182 101 117 175 151 78 179 70 157 79 125 
92 87 66 0 100 115 151 64 23 157 168 174 165 163 75 140 48 140 189 30 36 119 64 49 115 73 46 24 30 78 174 130 66 183 183 53 151 51 153 84 103 
36 15 70 100 0 38 110 56 101 106 71 75 87 64 139 85 64 67 94 77 65 97 104 75 18 27 59 79 94 84 120 33 110 107 86 66 134 60 96 34 84 
24 38 103 115 38 0 74 88 109 69 62 72 53 64 133 48 69 31 107 99 80 67 134 76 44 52 70 92 117 118 83 32 102 73 74 67 102 66 58 32 58 
79 106 166 151 110 74 0 151 136 15 111 124 58 121 130 28 106 52 168 149 125 35 192 103 117 115 113 130 166 183 27 101 104 60 115 100 38 105 25 87 49 
73 50 15 64 56 88 151 0 77 151 124 126 140 115 128 130 61 118 130 35 43 128 48 73 66 37 51 54 45 32 167 87 107 161 139 67 166 58 143 65 112 
86 87 82 23 101 109 136 77 0 143 167 174 156 164 54 127 40 131 194 45 39 102 85 36 118 75 43 25 51 96 160 129 44 172 180 43 132 44 140 79 87 
78 103 166 157 106 69 15 151 143 0 99 113 45 111 141 22 110 43 157 152 129 46 194 109 111 114 116 135 170 182 18 93 114 46 102 105 52 109 13 87 57 
83 82 136 168 71 62 111 124 167 99 0 14 57 16 194 86 127 61 60 147 133 120 171 135 58 97 125 146 164 147 105 39 163 71 16 126 147 123 87 89 116 
92 88 137 174 75 72 124 126 174 113 14 0 70 12 204 99 135 74 47 151 139 132 172 144 61 102 132 153 167 147 118 45 173 83 20 135 160 131 101 97 128 
74 91 155 165 87 53 58 140 156 45 57 70 0 70 168 39 117 26 116 151 131 78 187 121 85 105 120 141 170 170 49 62 138 21 57 114 96 115 34 83 81 
83 77 126 163 64 64 121 115 164 111 16 12 70 0 195 95 125 70 47 140 128 127 161 134 50 91 122 142 156 136 118 35 164 85 28 125 156 121 99 88 121 
112 124 135 75 139 133 130 128 54 141 194 204 168 195 0 132 76 144 232 98 86 96 138 64 155 117 84 75 104 149 156 160 31 180 206 73 111 80 143 108 88 
58 82 145 140 85 48 28 130 127 22 86 99 39 95 132 0 92 25 142 133 110 40 174 92 90 93 98 118 151 161 37 74 103 48 91 87 62 91 14 66 45 
46 50 72 48 64 69 106 61 40 110 127 135 117 125 76 92 0 92 158 45 22 76 90 13 81 42 11 26 61 89 127 90 50 135 141 7 111 5 106 39 59 
50 69 133 140 67 31 52 118 131 43 61 74 26 70 144 25 92 0 117 127 107 60 164 96 70 82 95 116 146 149 54 51 114 44 68 89 87 90 31 58 59 
122 108 138 189 94 107 168 130 194 157 60 47 116 47 232 142 158 117 0 162 156 172 171 169 77 119 153 171 175 142 164 75 202 129 63 160 203 154 145 124 165 
78 66 38 30 77 99 149 35 45 152 147 151 151 140 98 133 45 127 162 0 24 120 47 53 91 51 37 26 19 52 169 109 82 171 162 51 156 44 146 69 103 
58 51 53 36 65 80 125 43 39 129 133 139 131 128 86 110 22 107 156 24 0 96 69 31 81 38 13 15 41 69 146 95 65 150 147 28 133 21 124 49 80 
62 88 141 119 97 67 35 128 102 46 120 132 78 127 96 40 76 60 172 120 96 0 165 70 108 94 84 99 136 159 61 98 69 87 127 69 39 76 49 67 17 
117 97 35 64 104 134 192 48 85 194 171 172 187 161 138 174 90 164 171 47 69 165 0 99 113 83 82 71 35 29 210 135 126 207 186 97 201 90 187 108 148 
53 61 83 49 75 76 103 73 36 109 135 144 121 134 64 92 13 96 169 53 31 70 99 0 92 54 23 30 68 100 126 99 37 137 148 10 104 17 106 47 55 
50 32 79 115 18 44 117 66 118 111 58 61 85 50 155 90 81 70 77 91 81 108 113 92 0 43 76 95 107 90 124 24 126 105 73 83 145 77 100 49 97 
36 16 52 73 27 52 115 37 75 114 97 102 105 91 117 93 42 82 119 51 38 94 83 54 43 0 34 52 68 69 130 59 90 125 112 45 132 37 106 28 79 
47 45 62 46 59 70 113 51 43 116 125 132 120 122 84 98 11 95 153 37 13 84 82 23 76 34 0 23 54 79 133 87 59 138 139 17 120 9 111 39 67 
69 65 61 24 79 92 130 54 25 135 146 153 141 142 75 118 26 116 171 26 15 99 71 30 95 52 23 0 39 77 152 108 57 160 161 31 133 27 131 61 83 
97 83 42 30 94 117 166 45 51 170 164 167 170 156 104 151 61 146 175 19 41 136 35 68 107 68 54 39 0 50 187 126 93 189 179 68 171 62 164 88 120 
104 80 18 78 84 118 183 32 96 182 147 147 170 136 149 161 89 149 142 52 69 159 29 100 90 69 79 77 50 0 198 113 133 190 162 96 197 87 174 96 143 
95 119 182 174 120 83 27 167 160 18 105 118 49 118 156 37 127 54 164 169 146 61 210 126 124 130 133 152 187 198 0 104 129 41 105 122 58 126 25 103 73 
49 44 101 130 33 32 101 87 129 93 39 45 62 35 160 74 90 51 75 109 95 98 135 99 24 59 87 108 126 113 104 0 130 82 54 90 132 86 81 53 90 
81 96 117 66 110 102 104 107 44 114 163 173 138 164 31 103 50 114 202 82 65 69 126 37 126 90 59 57 93 133 129 130 0 151 175 45 92 53 115 78 59 
93 111 175 183 107 73 60 161 172 46 71 83 21 85 180 48 135 44 129 171 150 87 207 137 105 125 138 160 189 190 41 82 151 0 68 131 97 133 39 102 93 
96 97 151 183 86 74 115 139 180 102 16 20 57 28 206 91 141 68 63 162 147 127 186 148 73 112 139 161 179 162 105 54 175 68 0 140 152 137 90 102 125 
44 52 78 53 66 67 100 67 43 105 126 135 114 125 73 87 7 89 160 51 28 69 97 10 83 45 17 31 68 96 122 90 45 131 140 0 105 10 101 38 53 
100 127 179 151 134 102 38 166 132 52 147 160 96 156 111 62 111 87 203 156 133 39 201 104 145 132 120 133 171 197 58 132 92 97 152 105 0 112 62 106 55 
43 46 70 51 60 66 105 58 44 109 123 131 115 121 80 91 5 90 154 44 21 76 90 17 77 37 9 27 62 87 126 86 53 133 137 10 112 0 104 35 59 
71 94 157 153 96 58 25 143 140 13 87 101 34 99 143 14 106 31 145 146 124 49 187 106 100 106 111 131 164 174 25 81 115 39 90 101 62 104 0 79 57 
9 23 79 84 34 32 87 65 79 87 89 97 83 88 108 66 39 58 124 69 49 67 108 47 49 28 39 61 88 96 103 53 78 102 102 38 106 35 79 0 53 
49 75 125 103 84 58 49 112 87 57 116 128 81 121 88 45 59 59 165 103 80 17 148 55 97 79 67 83 120 143 73 90 59 93 125 53 55 59 57 53 0 
