3 2
1 1 
0 13 113 78 65 73 66 
13 0 120 90 69 62 64 
113 120 0 122 54 135 82 
78 90 122 0 104 150 126 
65 69 54 104 0 84 34 
73 62 135 150 84 0 53 
66 64 82 126 34 53 0 
