4 1
2 
0 26 90 88 41 62 73 84 45 
26 0 111 111 51 49 93 104 43 
90 111 0 105 116 112 108 116 130 
88 111 105 0 69 149 22 19 90 
41 51 116 69 0 98 49 58 22 
62 49 112 149 98 0 135 146 91 
73 93 108 22 49 135 0 12 69 
84 104 116 19 58 146 12 0 77 
45 43 130 90 22 91 69 77 0 
