5 3
1 2 1 
0 117 113 74 89 94 86 133 93 74 36 
117 0 229 65 191 164 201 27 178 153 138 
113 229 0 181 75 127 40 245 106 115 98 
74 65 181 0 161 153 148 70 159 136 106 
89 191 75 161 0 54 86 212 32 46 56 
94 164 127 153 54 0 130 189 23 21 62 
86 201 40 148 86 130 0 215 114 113 84 
133 27 245 70 212 189 215 0 202 177 158 
93 178 106 159 32 23 114 202 0 26 58 
74 153 115 136 46 21 113 177 26 0 41 
36 138 98 106 56 62 84 158 58 41 0 
