5 2
1 2 
0 83 28 109 65 79 95 113 44 130 99 
83 0 109 169 99 40 170 123 117 130 165 
28 109 0 88 64 99 68 131 22 149 76 
109 169 88 0 72 139 44 218 67 236 17 
65 99 64 72 0 68 86 175 50 190 72 
79 40 99 139 68 0 149 152 100 162 139 
95 170 68 44 86 149 0 193 53 212 28 
113 123 131 218 175 152 193 0 152 20 206 
44 117 22 67 50 100 53 152 0 170 56 
130 130 149 236 190 162 212 20 170 0 225 
99 165 76 17 72 139 28 206 56 225 0 
