6 1
3 
0 66 53 66 90 61 107 47 102 96 42 96 128 
66 0 79 49 150 119 167 103 110 129 105 31 180 
53 79 0 43 85 56 143 95 50 148 79 107 104 
66 49 43 0 127 96 171 113 62 156 105 70 146 
90 150 85 127 0 32 95 91 114 147 69 180 48 
61 119 56 96 32 0 98 74 92 132 50 149 69 
107 167 143 171 95 98 0 65 188 83 67 194 140 
47 103 95 113 91 74 65 0 144 59 24 130 138 
102 110 50 62 114 92 188 144 0 198 127 130 111 
96 129 148 156 147 132 83 59 198 0 82 148 195 
42 105 79 105 69 50 67 24 127 82 0 135 115 
96 31 107 70 180 149 194 130 130 148 135 0 209 
128 180 104 146 48 69 140 138 111 195 115 209 0 
