6 2
2 2 
0 100 18 88 42 28 92 93 84 72 46 60 54 
100 0 117 38 61 101 123 178 115 136 58 78 126 
18 117 0 104 59 34 96 81 89 70 63 72 52 
88 38 104 0 61 79 87 177 80 105 43 47 128 
42 61 59 61 0 54 104 119 95 99 25 58 68 
28 101 34 79 54 0 65 115 57 47 44 39 81 
92 123 96 87 104 65 0 175 9 39 83 49 145 
93 178 81 177 119 115 175 0 168 142 134 151 54 
84 115 89 80 95 57 9 168 0 37 74 40 137 
72 136 70 105 99 47 39 142 37 0 84 59 121 
46 58 63 43 25 44 83 134 74 84 0 35 87 
60 78 72 47 58 39 49 151 40 59 35 0 111 
54 126 52 128 68 81 145 54 137 121 87 111 0 
