6 3
1 2 2 
0 34 95 32 73 81 101 46 130 41 52 86 68 
34 0 96 10 81 49 70 62 137 62 64 58 100 
95 96 0 86 27 127 104 54 44 135 45 145 107 
32 10 86 0 72 55 69 54 128 66 55 66 96 
73 81 27 72 0 120 107 29 58 111 21 135 81 
81 49 127 55 120 0 49 107 171 98 107 21 148 
101 70 104 69 107 49 0 106 146 131 102 69 160 
46 62 54 54 29 107 106 0 85 83 10 119 60 
130 137 44 128 58 171 146 85 0 167 78 188 121 
41 62 135 66 111 98 131 83 167 0 91 93 77 
52 64 45 55 21 107 102 10 78 91 0 120 69 
86 58 145 66 135 21 69 119 188 93 120 0 153 
68 100 107 96 81 148 160 60 121 77 69 153 0 
