7 3
1 2 1 
0 83 45 88 103 43 111 69 79 100 92 95 104 76 98 
83 0 119 157 112 121 171 130 149 58 143 174 186 15 144 
45 119 0 43 144 10 68 29 34 117 118 56 83 109 126 
88 157 43 0 186 48 29 29 10 142 153 40 86 145 162 
103 112 144 186 0 138 211 170 176 164 62 178 160 120 56 
43 121 10 48 138 0 74 38 39 123 110 53 76 111 118 
111 171 68 29 211 74 0 43 37 147 182 64 112 158 190 
69 130 29 29 170 38 43 0 24 114 147 61 100 118 155 
79 149 34 10 176 39 37 24 0 137 145 39 82 137 153 
100 58 117 142 164 123 147 114 137 0 183 171 197 46 186 
92 143 118 153 62 110 182 147 145 183 0 134 105 145 10 
95 174 56 40 178 53 64 61 39 171 134 0 49 164 144 
104 186 83 86 160 76 112 100 82 197 105 49 0 180 115 
76 15 109 145 120 111 158 118 137 46 145 164 180 0 147 
98 144 126 162 56 118 190 155 153 186 10 144 115 147 0 
