7 1
3 
0 34 92 42 50 101 94 81 50 133 106 100 90 65 89 
34 0 124 68 82 126 62 49 70 142 139 67 112 66 58 
92 124 0 83 63 58 181 172 75 128 15 190 67 135 180 
42 68 83 0 21 114 129 107 79 163 94 128 109 53 110 
50 82 63 21 0 100 143 124 74 155 74 145 98 73 129 
101 126 58 114 100 0 168 172 57 73 66 186 18 161 183 
94 62 181 129 143 168 0 38 113 158 196 29 151 113 50 
81 49 172 107 124 172 38 0 115 177 187 22 157 80 15 
50 70 75 79 74 57 113 115 0 85 90 129 43 114 127 
133 142 128 163 155 73 158 177 85 0 138 184 63 197 191 
106 139 15 94 74 66 196 187 90 138 0 205 77 146 194 
100 67 190 128 145 186 29 22 129 184 205 0 170 100 27 
90 112 67 109 98 18 151 157 43 63 77 170 0 152 169 
65 66 135 53 73 161 113 80 114 197 146 100 152 0 77 
89 58 180 110 129 183 50 15 127 191 194 27 169 77 0 
