8 1
4 
0 94 71 58 18 92 103 87 110 98 42 67 41 89 67 50 102 
94 0 137 72 111 94 195 119 18 152 81 105 59 33 36 55 32 
71 137 0 127 63 71 117 43 154 161 113 138 81 114 123 112 156 
58 72 127 0 74 124 139 133 81 81 19 34 60 88 36 23 61 
18 111 63 74 0 97 88 87 127 100 56 77 56 104 84 67 120 
92 94 71 124 97 0 177 33 109 188 118 149 65 63 101 102 123 
103 195 117 139 88 177 0 157 210 103 123 120 143 191 163 144 197 
87 119 43 133 87 33 157 0 135 185 122 152 76 90 117 113 145 
110 18 154 81 127 109 210 135 0 161 92 114 76 47 48 68 28 
98 152 161 81 100 188 103 185 161 0 76 48 127 166 117 100 138 
42 81 113 19 56 118 123 122 92 76 0 32 53 90 45 26 75 
67 105 138 34 77 149 120 152 114 48 32 0 85 120 69 54 91 
41 59 81 60 56 65 143 76 76 127 53 85 0 49 43 38 76 
89 33 114 88 104 63 191 90 47 166 90 120 49 0 54 66 64 
67 36 123 36 84 101 163 117 48 117 45 69 43 54 0 21 36 
50 55 112 23 67 102 144 113 68 100 26 54 38 66 21 0 54 
102 32 156 61 120 123 197 145 28 138 75 91 76 64 36 54 0 
