8 4
2 2 1 1 
0 99 90 70 55 91 92 80 107 65 130 102 98 63 100 76 130 
99 0 45 127 45 36 106 58 96 107 208 193 195 38 195 73 99 
90 45 0 92 52 9 133 89 130 124 215 168 186 38 189 101 58 
70 127 92 0 97 99 159 136 171 134 184 82 127 92 135 138 98 
55 45 52 97 0 49 82 43 84 72 168 153 151 15 151 51 107 
91 36 9 99 49 0 128 82 124 120 214 173 188 34 190 95 65 
92 106 133 159 82 128 0 49 26 31 121 183 143 96 138 34 189 
80 58 89 136 43 82 49 0 42 55 158 181 161 55 159 17 146 
107 96 130 171 84 124 26 42 0 54 146 203 168 96 163 34 187 
65 107 124 134 72 120 31 55 54 0 104 152 115 86 110 40 177 
130 208 215 184 168 214 121 158 146 104 0 150 76 181 65 143 259 
102 193 168 82 153 173 183 181 203 152 150 0 76 155 87 175 179 
98 195 186 127 151 188 143 161 168 115 76 76 0 159 12 149 217 
63 38 38 92 15 34 96 55 96 86 181 155 159 0 161 65 93 
100 195 189 135 151 190 138 159 163 110 65 87 12 161 0 147 223 
76 73 101 138 51 95 34 17 34 40 143 175 149 65 147 0 157 
130 99 58 98 107 65 189 146 187 177 259 179 217 93 223 157 0 
