8 2
4 3 
0 63 103 13 69 118 36 125 87 82 104 33 87 13 103 125 88 
63 0 153 54 31 94 72 95 82 65 99 31 131 50 164 179 34 
103 153 0 105 140 220 131 227 111 184 203 126 27 112 100 148 185 
13 54 105 0 57 119 45 124 77 83 108 24 87 8 114 137 82 
69 31 140 57 0 125 91 125 53 95 129 42 115 58 170 193 61 
118 94 220 119 125 0 93 12 175 37 33 103 204 112 186 176 69 
36 72 131 45 91 93 0 101 120 59 73 50 119 39 101 109 85 
125 95 227 124 125 12 101 0 177 44 44 108 210 117 196 187 67 
87 82 111 77 53 175 120 177 0 143 174 77 84 82 171 205 114 
82 65 184 83 95 37 59 44 143 0 35 69 168 76 157 154 50 
104 99 203 108 129 33 73 44 174 35 0 98 190 101 158 145 83 
33 31 126 24 42 103 50 108 77 69 98 0 106 20 134 153 59 
87 131 27 87 115 204 119 210 84 168 190 106 0 93 111 156 163 
13 50 112 8 58 112 39 117 82 76 101 20 93 0 115 136 76 
103 164 100 114 170 186 101 196 171 157 158 134 111 115 0 49 184 
125 179 148 137 193 176 109 187 205 154 145 153 156 136 49 0 192 
88 34 185 82 61 69 85 67 114 50 83 59 163 76 184 192 0 
