8 3
1 2 2 
0 94 92 91 88 95 53 76 9 101 46 118 99 38 36 79 41 
94 0 143 127 151 136 99 97 99 141 140 144 81 58 110 120 64 
92 143 0 182 19 185 47 166 84 17 103 39 184 112 124 24 123 
91 127 182 0 176 10 143 31 98 192 96 207 62 89 59 169 75 
88 151 19 176 0 179 52 163 80 35 92 57 184 113 118 37 123 
95 136 185 10 179 0 147 40 102 196 96 212 71 96 62 173 82 
53 99 47 143 52 147 0 124 48 51 82 65 138 66 88 27 78 
76 97 166 31 163 40 124 0 84 174 96 188 37 64 53 150 49 
9 99 84 98 80 102 48 84 0 94 44 112 107 44 41 72 48 
101 141 17 192 35 196 51 174 94 0 117 23 189 116 135 25 129 
46 140 103 96 92 96 82 96 44 117 0 138 128 82 43 100 81 
118 144 39 207 57 212 65 188 112 23 138 0 199 127 152 40 141 
99 81 184 62 184 71 138 37 107 189 128 199 0 73 86 164 62 
38 58 112 89 113 96 66 64 44 116 82 127 73 0 55 92 15 
36 110 124 59 118 62 88 53 41 135 43 152 86 55 0 113 47 
79 120 24 169 37 173 27 150 72 25 100 40 164 92 113 0 104 
41 64 123 75 123 82 78 49 48 129 81 141 62 15 47 104 0 
