10 5
7 8 5 0 7
9 3 10 9 3
1 1 2 8 4
8 10 8 5 2
6 10 6 10 8
6 2 0 7 5
0 10 9 7 1
10 10 3 3 5
4 9 9 0 7
0 0 2 2 10
0 33 56 16 4 43
33 0 16 79 25 59
56 16 0 40 7 76
16 79 40 0 22 34
4 25 7 22 0 37
43 59 76 34 37 0
5 12 12 7 20 12 9 5 10 2
0 3 5 4 0
91
0.014886856079101562