20 25
7 4 0 5 3 2 2 10 6 3 10 6 3 2 0 4 8 2 4 0 3 10 5 8 1
2 5 0 2 6 7 7 3 6 0 1 1 3 6 4 1 3 1 5 5 1 7 4 2 5
2 2 8 1 5 6 6 0 2 0 9 5 1 5 7 0 7 2 4 0 8 9 7 7 4
8 6 8 1 9 5 10 10 1 3 6 9 8 9 1 1 2 5 9 7 1 2 2 10 1
6 8 8 5 9 3 8 8 3 4 10 1 3 8 8 7 6 8 0 8 1 7 5 3 3
9 10 4 3 2 6 6 2 6 2 3 4 2 9 0 2 2 5 2 8 9 8 4 9 4
10 2 5 2 5 8 10 0 1 5 9 9 2 7 3 9 6 10 2 7 8 0 8 1 6
8 5 5 5 5 1 3 7 6 7 6 5 2 3 1 8 8 2 2 2 0 5 5 7 1
1 6 1 2 2 8 9 3 0 5 9 8 0 5 2 6 3 6 1 5 9 5 2 5 7
4 3 9 8 7 4 7 1 0 5 7 2 0 0 8 6 8 3 1 6 8 6 1 5 5
3 0 7 7 8 2 7 10 10 8 3 2 2 0 3 1 7 0 4 7 2 2 6 1 7
2 9 0 10 3 1 0 10 8 8 0 1 3 6 3 7 0 5 4 7 9 3 5 7 5
5 6 3 4 3 1 0 3 6 10 7 4 9 4 0 0 1 9 10 7 5 2 7 0 0
6 1 10 1 5 8 9 4 3 3 10 8 3 8 0 7 6 10 6 8 8 2 3 5 5
5 9 8 3 3 5 2 4 5 7 5 7 6 6 9 0 7 0 3 9 2 5 4 7 10
6 2 5 10 6 6 7 10 8 9 7 6 2 5 10 8 0 1 8 7 9 3 1 2 9
6 8 0 10 2 1 2 7 1 4 1 4 8 7 3 10 1 6 7 1 10 3 1 4 1
4 7 10 3 1 6 1 10 9 9 1 4 9 10 1 2 6 5 0 5 0 7 3 1 5
5 4 8 6 5 2 1 5 3 0 8 8 8 2 9 0 7 9 2 6 1 8 9 2 3
9 10 6 4 2 4 6 6 5 3 9 4 5 6 8 5 4 1 2 7 10 4 6 4 2
0 82 18 40 8 20 21 58 10 83 54 12 36 4 88 41 94 76 38 85 25 7 78 97 88 86
82 0 42 51 44 4 4 58 66 25 34 37 62 50 2 34 2 5 6 22 27 22 98 3 87 68
18 42 0 56 38 28 96 84 36 38 62 26 45 100 91 12 90 15 71 46 13 79 60 97 43 45
40 51 56 0 77 28 27 38 8 71 76 29 1 47 61 66 8 52 52 58 78 1 7 37 34 66
8 44 38 77 0 18 68 34 4 86 63 19 5 11 43 10 91 38 69 93 52 17 98 95 25 4
20 4 28 28 18 0 2 19 41 97 99 38 36 31 50 14 87 34 13 31 2 44 78 27 86 85
21 4 96 27 68 2 0 4 90 44 93 94 33 50 66 53 4 38 37 19 35 73 75 20 20 28
58 58 84 38 34 19 4 0 12 96 3 44 70 49 81 37 11 40 57 4 37 20 90 74 51 19
10 66 36 8 4 41 90 12 0 4 28 88 88 56 15 23 72 11 89 37 82 22 80 83 75 60
83 25 38 71 86 97 44 96 4 0 72 34 98 72 49 52 30 5 82 12 11 52 60 62 91 44
54 34 62 76 63 99 93 3 28 72 0 25 9 60 76 83 59 15 16 38 62 7 52 37 78 5
12 37 26 29 19 38 94 44 88 34 25 0 8 55 16 85 72 63 15 27 86 16 41 93 82 66
36 62 45 1 5 36 33 70 88 98 9 8 0 30 97 67 52 82 93 39 47 44 97 37 4 84
4 50 100 47 11 31 50 49 56 72 60 55 30 0 26 86 20 92 12 90 65 86 94 38 59 79
88 2 91 61 43 50 66 81 15 49 76 16 97 26 0 27 48 73 24 17 38 45 54 45 14 56
41 34 12 66 10 14 53 37 23 52 83 85 67 86 27 0 100 94 55 66 91 19 42 49 81 67
94 2 90 8 91 87 4 11 72 30 59 72 52 20 48 100 0 7 3 49 65 10 34 74 60 89
76 5 15 52 38 34 38 40 11 5 15 63 82 92 73 94 7 0 81 85 45 99 69 6 75 88
38 6 71 52 69 13 37 57 89 82 16 15 93 12 24 55 3 81 0 46 20 60 5 13 60 41
85 22 46 58 93 31 19 4 37 12 38 27 39 90 17 66 49 85 46 0 36 84 10 59 34 40
25 27 13 78 52 2 35 37 82 11 62 86 47 65 38 91 65 45 20 36 0 58 95 21 28 29
7 22 79 1 17 44 73 20 22 52 7 16 44 86 45 19 10 99 60 84 58 0 76 27 35 86
78 98 60 7 98 78 75 90 80 60 52 41 97 94 54 42 34 69 5 10 95 76 0 18 38 100
97 3 97 37 95 27 20 74 83 62 37 93 37 38 45 49 74 6 13 59 21 27 18 0 80 20
88 87 43 34 25 86 20 51 75 91 78 82 4 59 14 81 60 75 60 34 28 35 38 80 0 20
86 68 45 66 4 85 28 19 60 44 5 66 84 79 56 67 89 88 41 40 29 86 100 20 20 0
9 10 51 47 59 63 41 38 67 5 39 58 39 97 28 103 73 52 23 34
0 4 8 9 20 5 6 1 16 18 22 19 7 10 12 3 21 0
80
0.5794486999511719