10 15
3 7 3 7 0 7 10 10 9 2 10 7 9 1 2
9 0 1 3 7 3 3 5 8 10 2 4 1 1 6
3 9 9 5 8 6 9 1 9 6 4 5 9 4 10
2 9 0 6 10 10 3 6 0 9 6 3 8 10 3
4 6 5 7 5 6 4 10 4 6 6 4 1 7 1
1 9 0 1 0 0 6 8 8 2 7 4 8 5 5
1 5 7 7 8 2 0 8 5 5 1 2 9 4 3
5 9 0 0 4 7 4 0 1 1 9 4 4 10 6
10 4 10 10 10 10 10 8 7 7 9 10 5 8 6
0 4 2 3 9 2 10 0 7 4 2 4 4 5 8
0 74 71 5 81 2 98 90 44 34 39 40 79 5 44 41
74 0 40 97 86 60 31 30 75 33 18 35 51 55 6 50
71 40 0 16 25 91 23 14 84 39 32 1 3 18 67 52
5 97 16 0 4 17 54 57 100 24 3 45 15 62 1 25
81 86 25 4 0 84 55 27 69 85 17 48 73 25 52 54
2 60 91 17 84 0 17 12 13 62 72 42 37 38 70 13
98 31 23 54 55 17 0 4 90 66 63 93 57 96 40 72
90 30 14 57 27 12 4 0 67 64 86 27 97 62 76 80
44 75 84 100 69 13 90 67 0 98 46 27 71 33 35 21
34 33 39 24 85 62 66 64 98 0 82 22 39 88 9 9
39 18 32 3 17 72 63 86 46 82 0 60 59 13 81 92
40 35 1 45 48 42 93 27 27 22 60 0 25 10 83 90
79 51 3 15 73 37 57 97 71 39 59 25 0 33 49 14
5 55 18 62 25 38 96 62 33 88 13 10 33 0 89 47
44 6 67 1 52 70 40 76 35 9 81 83 49 89 0 61
41 50 52 25 54 13 72 80 21 9 92 90 14 47 61 0
49 17 52 53 9 53 41 41 76 31
0 5 8 15 9 14 3 12 2 11 13 0
89
0.041800498962402344