K: 6
Alpha: 10
weight: 671231.142245
Violation: 0
timeElapsed: 600000.000000 milliseconds

K: 6
Alpha: 11
weight: 712213.11211
Violation: 0
timeElapsed: 600000.000000 milliseconds

